-3.876	-1.930
-3.876	-1.930
-3.876	-1.930
-3.812	-1.962
-3.876	-1.930
-3.876	-1.899
-3.876	-1.930
-3.876	-1.899
-3.844	-1.899
-3.876	-1.899
-3.844	-1.868
-3.876	-1.930
-3.876	-1.930
-3.876	-1.930
-3.844	-1.930
-3.876	-1.899
-3.876	-1.899
-3.844	-1.930
-3.812	-1.930
-3.844	-1.930
-3.844	-1.962
-3.812	-1.899
-3.844	-1.899
-3.876	-1.899
-3.844	-1.930
-3.844	-1.899
-3.844	-1.930
-3.876	-1.930
-3.844	-1.899
-3.844	-1.899
-3.812	-1.899
-3.844	-1.899
-3.876	-1.899
-3.844	-1.899
-3.812	-1.899
-3.781	-1.868
-3.844	-1.899
-3.844	-1.868
-3.812	-1.899
-3.844	-1.899
-3.812	-1.930
-3.812	-1.868
-3.812	-1.899
-3.812	-1.899
-3.781	-1.930
-3.812	-1.899
-3.812	-1.868
-3.812	-1.868
-3.781	-1.930
-3.812	-1.899
-3.844	-1.899
-3.812	-1.899
-3.781	-1.930
-3.781	-1.899
-3.781	-1.868
-3.812	-1.868
-3.812	-1.899
-3.812	-1.868
-3.781	-1.868
-3.781	-1.868
-3.781	-1.868
-3.812	-1.899
-3.749	-1.868
-3.749	-1.837
-3.781	-1.868
-3.781	-1.868
-3.781	-1.868
-3.781	-1.868
-3.781	-1.868
-3.781	-1.868
-3.749	-1.868
-3.781	-1.868
-3.781	-1.868
-3.781	-1.868
-3.749	-1.868
-3.781	-1.868
-3.749	-1.837
-3.781	-1.837
-3.749	-1.837
-3.749	-1.899
-3.717	-1.868
-3.749	-1.868
-3.749	-1.837
-3.749	-1.868
-3.749	-1.837
-3.717	-1.837
-3.717	-1.868
-3.749	-1.837
-3.749	-1.868
-3.749	-1.868
-3.717	-1.805
-3.749	-1.837
-3.749	-1.805
-3.749	-1.837
-3.749	-1.837
-3.749	-1.868
-3.749	-1.837
-3.749	-1.837
-3.717	-1.837
-3.717	-1.837
-3.749	-1.837
-3.749	-1.837
-3.717	-1.868
-3.717	-1.805
-3.717	-1.868
-3.717	-1.868
-3.717	-1.837
-3.717	-1.837
-3.717	-1.837
-3.686	-1.805
-3.686	-1.805
-3.717	-1.868
-3.717	-1.837
-3.717	-1.805
-3.717	-1.837
-3.717	-1.837
-3.717	-1.837
-3.686	-1.805
-3.686	-1.805
-3.686	-1.805
-3.686	-1.774
-3.717	-1.774
-3.717	-1.805
-3.717	-1.805
-3.717	-1.837
-3.686	-1.837
-3.686	-1.805
-3.686	-1.837
-3.686	-1.805
-3.686	-1.805
-3.686	-1.805
-3.686	-1.774
-3.686	-1.805
-3.686	-1.774
-3.654	-1.805
-3.686	-1.805
-3.686	-1.805
-3.686	-1.774
-3.654	-1.805
-3.686	-1.805
-3.686	-1.774
-3.654	-1.774
-3.686	-1.805
-3.717	-1.805
-3.654	-1.774
-3.686	-1.774
-3.654	-1.805
-3.623	-1.711
-3.654	-1.774
-3.686	-1.805
-3.654	-1.774
-3.623	-1.774
-3.686	-1.805
-3.591	-1.774
-3.686	-1.805
-3.654	-1.774
-3.654	-1.805
-3.654	-1.774
-3.623	-1.774
-3.686	-1.774
-3.654	-1.774
-3.654	-1.805
-3.654	-1.805
-3.654	-1.711
-3.654	-1.743
-3.623	-1.743
-3.623	-1.805
-3.654	-1.743
-3.623	-1.743
-3.623	-1.743
-3.654	-1.743
-3.623	-1.743
-3.654	-1.743
-3.654	-1.774
-3.623	-1.774
-3.623	-1.774
-3.591	-1.743
-3.623	-1.743
-3.623	-1.774
-3.654	-1.774
-3.654	-1.743
-3.623	-1.774
-3.591	-1.743
-3.686	-1.743
-3.591	-1.743
-3.559	-1.743
-3.591	-1.743
-3.591	-1.743
-3.623	-1.743
-3.559	-1.743
-3.591	-1.743
-3.591	-1.743
-3.591	-1.711
-3.623	-1.743
-3.591	-1.743
-3.591	-1.774
-3.591	-1.743
-3.623	-1.743
-3.623	-1.743
-3.559	-1.743
-3.591	-1.743
-3.591	-1.680
-3.591	-1.711
-3.623	-1.711
-3.559	-1.680
-3.623	-1.711
-3.559	-1.743
-3.528	-1.743
-3.559	-1.743
-3.559	-1.743
-3.528	-1.711
-3.591	-1.711
-3.591	-1.711
-3.528	-1.711
-3.591	-1.711
-3.559	-1.711
-3.528	-1.680
-3.559	-1.743
-3.528	-1.743
-3.559	-1.711
-3.559	-1.680
-3.559	-1.711
-3.559	-1.711
-3.528	-1.711
-3.559	-1.743
-3.528	-1.711
-3.528	-1.743
-3.559	-1.680
-3.591	-1.711
-3.559	-1.680
-3.528	-1.711
-3.528	-1.680
-3.591	-1.711
-3.528	-1.680
-3.559	-1.680
-3.528	-1.711
-3.528	-1.680
-3.528	-1.680
-3.559	-1.680
-3.559	-1.711
-3.528	-1.711
-3.528	-1.680
-3.528	-1.680
-3.528	-1.680
-3.496	-1.680
-3.559	-1.711
-3.496	-1.649
-3.528	-1.680
-3.528	-1.680
-3.496	-1.711
-3.559	-1.680
-3.496	-1.649
-3.528	-1.680
-3.559	-1.649
-3.559	-1.680
-3.528	-1.680
-3.464	-1.649
-3.496	-1.649
-3.528	-1.649
-3.528	-1.649
-3.496	-1.649
-3.496	-1.680
-3.528	-1.680
-3.496	-1.680
-3.496	-1.680
-3.496	-1.680
-3.496	-1.680
-3.496	-1.649
-3.464	-1.617
-3.496	-1.680
-3.496	-1.649
-3.496	-1.617
-3.464	-1.617
-3.464	-1.649
-3.464	-1.649
-3.496	-1.649
-3.496	-1.680
-3.464	-1.617
-3.496	-1.649
-3.496	-1.649
-3.464	-1.680
-3.464	-1.680
-3.496	-1.586
-3.528	-1.680
-3.464	-1.680
-3.464	-1.649
-3.496	-1.617
-3.433	-1.617
-3.496	-1.680
-3.464	-1.649
-3.496	-1.617
-3.464	-1.649
-3.464	-1.649
-3.433	-1.649
-3.464	-1.617
-3.464	-1.617
-3.464	-1.649
-3.433	-1.649
-3.464	-1.586
-3.464	-1.617
-3.433	-1.617
-3.401	-1.617
-3.464	-1.617
-3.433	-1.649
-3.464	-1.617
-3.433	-1.617
-3.433	-1.617
-3.433	-1.617
-3.401	-1.617
-3.433	-1.586
-3.433	-1.586
-3.401	-1.586
-3.401	-1.617
-3.401	-1.617
-3.464	-1.586
-3.433	-1.617
-3.433	-1.617
-3.433	-1.586
-3.433	-1.617
-3.401	-1.617
-3.401	-1.617
-3.433	-1.586
-3.401	-1.617
-3.433	-1.555
-3.401	-1.617
-3.433	-1.586
-3.401	-1.555
-3.401	-1.586
-3.401	-1.586
-3.401	-1.555
-3.401	-1.586
-3.401	-1.586
-3.401	-1.617
-3.433	-1.586
-3.433	-1.617
-3.401	-1.586
-3.401	-1.617
-3.433	-1.586
-3.401	-1.617
-3.369	-1.617
-3.401	-1.617
-3.401	-1.617
-3.401	-1.586
-3.401	-1.617
-3.401	-1.555
-3.369	-1.617
-3.369	-1.555
-3.401	-1.617
-3.369	-1.586
-3.401	-1.555
-3.338	-1.586
-3.369	-1.586
-3.338	-1.555
-3.369	-1.555
-3.369	-1.586
-3.369	-1.586
-3.369	-1.586
-3.338	-1.586
-3.369	-1.586
-3.369	-1.617
-3.401	-1.586
-3.369	-1.555
-3.338	-1.555
-3.369	-1.555
-3.338	-1.586
-3.369	-1.555
-3.369	-1.586
-3.369	-1.523
-3.338	-1.555
-3.369	-1.555
-3.338	-1.555
-3.338	-1.555
-3.369	-1.586
-3.338	-1.586
-3.369	-1.555
-3.369	-1.555
-3.338	-1.555
-3.338	-1.586
-3.338	-1.523
-3.369	-1.523
-3.369	-1.523
-3.338	-1.555
-3.338	-1.555
-3.338	-1.555
-3.338	-1.555
-3.338	-1.555
-3.338	-1.523
-3.306	-1.586
-3.369	-1.523
-3.338	-1.555
-3.338	-1.523
-3.306	-1.555
-3.338	-1.523
-3.338	-1.555
-3.338	-1.523
-3.338	-1.523
-3.338	-1.492
-3.306	-1.555
-3.306	-1.523
-3.306	-1.523
-3.338	-1.555
-3.211	-1.461
-3.211	-1.461
-3.211	-1.461
-3.243	-1.492
-3.211	-1.461
-3.211	-1.461
-3.211	-1.461
-3.243	-1.429
-3.211	-1.461
-3.211	-1.492
-3.211	-1.461
-3.211	-1.461
-3.243	-1.461
-3.243	-1.492
-3.180	-1.429
-3.211	-1.461
-3.211	-1.461
-3.211	-1.429
-3.243	-1.429
-3.180	-1.429
-3.180	-1.429
-3.211	-1.429
-3.243	-1.461
-3.243	-1.429
-3.180	-1.492
-3.211	-1.492
-3.211	-1.461
-3.211	-1.429
-3.180	-1.461
-3.211	-1.461
-3.180	-1.461
-3.180	-1.492
-3.148	-1.398
-2.863	-1.429
-2.389	-1.148
-1.977	-0.741
-1.598	-0.772
-1.250	-0.521
-0.933	-0.334
-0.585	-0.114
-0.269	0.042
0.047	0.230
0.459	0.481
0.870	0.700
1.313	0.950
1.787	1.263
2.230	1.545
2.673	1.764
3.084	2.015
3.432	2.203
3.812	2.453
4.128	2.641
4.476	2.860
4.824	3.142
5.109	3.330
5.362	3.612
5.615	3.831
5.868	3.988
6.058	4.207
6.216	4.332
6.406	4.457
6.564	4.551
6.754	4.676
6.849	4.802
6.976	4.864
7.039	4.990
7.229	5.052
7.292	5.177
7.355	5.271
7.482	5.397
7.513	5.459
7.640	5.522
7.735	5.647
7.830	5.710
7.925	5.835
7.988	5.898
8.051	5.929
8.083	5.992
8.146	6.023
8.146	6.086
8.209	6.148
8.273	6.179
8.336	6.211
8.336	6.211
8.431	6.273
8.336	6.242
8.368	6.273
8.399	6.273
8.368	6.305
8.431	6.367
8.431	6.399
8.399	6.399
8.368	6.430
8.431	6.461
8.431	6.461
8.431	6.430
8.368	6.461
8.399	6.493
8.399	6.461
8.399	6.461
8.431	6.493
8.463	6.493
8.431	6.461
8.431	6.493
8.431	6.493
8.463	6.524
8.399	6.555
8.399	6.587
8.399	6.587
8.336	6.587
8.273	6.524
8.241	6.555
8.209	6.493
8.178	6.524
8.178	6.524
8.178	6.555
8.209	6.555
8.241	6.587
8.241	6.712
8.209	6.680
8.241	6.712
8.209	6.680
8.146	6.649
8.115	6.680
8.083	6.649
8.020	6.649
7.988	6.618
7.925	6.555
7.861	6.555
7.830	6.493
7.767	6.493
7.767	6.493
7.798	6.461
7.735	6.524
7.798	6.555
7.798	6.555
7.798	6.555
7.798	6.587
7.798	6.587
7.767	6.587
7.767	6.524
7.703	6.555
7.640	6.493
7.608	6.461
7.577	6.430
7.513	6.367
7.450	6.305
7.355	6.211
7.324	6.148
7.292	6.117
7.260	6.117
7.260	6.086
7.260	6.086
7.197	6.117
7.197	6.086
7.229	6.148
7.165	6.148
7.102	6.148
7.102	6.179
7.071	6.148
7.071	6.148
7.071	6.148
7.039	6.148
7.039	6.117
7.071	6.117
7.007	6.117
7.039	6.148
7.007	6.148
7.007	6.211
7.039	6.211
7.039	6.242
7.007	6.211
7.007	6.242
6.976	6.211
6.881	6.211
6.881	6.148
6.817	6.117
6.786	6.086
6.817	6.117
6.786	6.148
6.723	6.148
6.754	6.148
6.723	6.211
6.723	6.179
6.691	6.211
6.691	6.211
6.691	6.211
6.723	6.211
6.628	6.242
6.628	6.273
6.596	6.179
6.596	6.211
6.533	6.148
6.469	6.117
6.406	6.117
6.406	6.086
6.375	6.054
6.343	5.992
6.311	5.992
6.248	5.992
6.280	5.960
6.248	5.992
6.280	5.992
6.248	5.960
6.216	5.929
6.121	5.960
6.121	5.898
6.153	5.929
6.090	5.898
6.090	5.898
6.027	5.866
5.995	5.804
5.995	5.804
5.963	5.741
5.932	5.741
5.900	5.710
5.868	5.710
5.868	5.678
5.837	5.647
5.805	5.616
5.837	5.585
5.773	5.522
5.742	5.491
5.773	5.459
5.679	5.428
5.647	5.365
5.615	5.365
5.615	5.365
5.552	5.365
5.552	5.334
5.489	5.240
5.489	5.209
5.489	5.240
5.425	5.146
5.425	5.115
5.394	5.115
5.394	5.115
5.394	5.177
5.362	5.084
5.267	5.115
5.267	5.084
5.299	5.052
5.267	5.052
5.236	5.052
5.172	5.021
5.236	5.021
5.204	4.958
5.172	4.896
5.109	4.896
5.109	4.864
5.046	4.833
5.077	4.802
5.077	4.770
5.046	4.739
5.014	4.708
4.983	4.676
4.951	4.645
4.919	4.645
4.951	4.614
4.919	4.645
4.951	4.645
4.951	4.614
4.888	4.614
4.888	4.645
4.856	4.645
4.824	4.645
4.824	4.676
4.824	4.614
4.793	4.645
4.761	4.645
4.761	4.645
4.729	4.645
4.729	4.676
4.729	4.645
4.698	4.614
4.729	4.645
4.729	4.583
4.729	4.583
4.729	4.614
4.761	4.645
4.793	4.614
4.761	4.645
4.793	4.614
4.761	4.614
4.793	4.583
4.761	4.583
4.761	4.614
4.729	4.614
4.729	4.614
4.729	4.583
4.761	4.583
4.698	4.614
4.729	4.583
4.698	4.551
4.698	4.583
4.729	4.551
4.666	4.614
4.698	4.551
4.666	4.583
4.666	4.614
4.666	4.614
4.635	4.614
4.635	4.614
4.666	4.551
4.666	4.551
4.635	4.583
4.603	4.583
4.666	4.614
4.635	4.614
4.666	4.614
4.635	4.614
4.603	4.583
4.666	4.614
4.603	4.583
4.666	4.614
4.635	4.583
4.635	4.614
4.635	4.583
4.635	4.614
4.635	4.645
4.666	4.583
4.666	4.583
4.635	4.614
4.666	4.645
4.635	4.645
4.635	4.614
4.666	4.614
4.666	4.614
4.666	4.614
4.635	4.614
4.666	4.583
4.635	4.583
4.635	4.551
4.603	4.614
4.603	4.583
4.603	4.583
4.603	4.551
4.635	4.551
4.603	4.551
4.603	4.551
4.635	4.583
4.603	4.583
4.635	4.551
4.635	4.551
4.635	4.551
4.603	4.583
4.635	4.614
4.635	4.583
4.603	4.583
4.603	4.583
4.635	4.614
4.603	4.583
4.666	4.583
4.666	4.583
4.635	4.614
4.635	4.583
4.603	4.551
4.635	4.551
4.635	4.551
4.635	4.551
4.666	4.551
4.635	4.551
4.666	4.551
4.698	4.551
4.666	4.520
4.603	4.520
4.603	4.520
4.603	4.520
4.666	4.489
4.635	4.489
4.666	4.489
4.698	4.520
4.666	4.520
4.666	4.520
4.729	4.489
4.698	4.426
4.698	4.520
4.666	4.520
4.666	4.520
4.698	4.489
4.698	4.551
4.666	4.489
4.666	4.489
4.666	4.520
4.635	4.489
4.635	4.520
4.698	4.489
4.666	4.520
4.666	4.489
4.666	4.520
4.635	4.457
4.603	4.457
4.666	4.457
4.635	4.489
4.635	4.489
4.635	4.457
4.635	4.457
4.603	4.426
4.635	4.457
4.635	4.457
4.603	4.457
4.603	4.426
4.635	4.426
4.635	4.457
4.635	4.457
4.603	4.457
4.666	4.457
4.635	4.457
4.603	4.457
4.666	4.457
4.666	4.457
4.666	4.426
4.698	4.426
4.666	4.457
4.698	4.395
4.635	4.426
4.666	4.426
4.666	4.395
4.666	4.426
4.635	4.395
4.635	4.363
4.635	4.395
4.603	4.395
4.635	4.395
4.635	4.395
4.603	4.426
4.635	4.457
4.571	4.426
4.571	4.426
4.603	4.426
4.603	4.457
4.571	4.426
4.603	4.457
4.571	4.457
4.603	4.489
4.540	4.489
4.571	4.457
4.540	4.457
4.571	4.457
4.603	4.489
4.571	4.457
4.571	4.489
4.540	4.489
4.571	4.489
4.603	4.520
4.540	4.520
4.571	4.489
4.603	4.489
4.540	4.520
4.603	4.520
4.603	4.457
4.508	4.457
4.571	4.489
4.571	4.489
4.571	4.457
4.571	4.457
4.540	4.489
4.540	4.489
4.540	4.457
4.571	4.489
4.540	4.489
4.508	4.489
4.508	4.520
4.476	4.457
4.508	4.457
4.445	4.457
4.445	4.395
4.445	4.395
4.413	4.395
4.413	4.395
4.413	4.457
4.445	4.426
4.445	4.426
4.445	4.457
4.413	4.457
4.381	4.457
4.413	4.457
4.350	4.426
4.381	4.457
4.381	4.457
4.381	4.457
4.350	4.426
4.350	4.395
4.318	4.395
4.287	4.332
4.287	4.395
4.287	4.363
4.255	4.332
4.287	4.363
4.287	4.301
4.255	4.332
4.223	4.332
4.223	4.332
4.223	4.332
4.223	4.301
4.160	4.301
4.223	4.301
4.160	4.301
4.128	4.301
4.160	4.269
4.128	4.332
4.128	4.269
4.128	4.269
4.097	4.207
4.097	4.238
4.097	4.207
4.065	4.175
4.065	4.207
4.065	4.144
4.033	4.144
4.033	4.175
4.002	4.175
4.033	4.144
4.002	4.113
3.970	4.113
3.970	4.113
3.939	4.144
3.907	4.113
3.907	4.144
3.875	4.082
3.939	4.113
3.907	4.113
3.939	4.144
3.970	4.144
3.939	4.144
3.939	4.175
3.970	4.207
3.939	4.207
3.970	4.175
4.002	4.207
3.970	4.207
4.002	4.207
4.002	4.207
4.033	4.207
4.033	4.207
4.002	4.207
4.033	4.238
4.033	4.238
4.002	4.238
4.033	4.269
4.065	4.332
4.097	4.332
4.097	4.363
4.097	4.332
4.128	4.301
4.128	4.301
4.160	4.301
4.128	4.269
4.128	4.269
4.128	4.269
4.097	4.269
4.128	4.301
4.097	4.269
4.097	4.269
4.160	4.301
4.128	4.301
4.128	4.301
4.160	4.332
4.128	4.301
4.223	4.332
4.223	4.332
4.223	4.363
4.287	4.363
4.255	4.363
4.255	4.332
4.255	4.363
4.223	4.332
4.255	4.332
4.255	4.363
4.318	4.363
4.318	4.332
4.318	4.363
4.350	4.363
4.318	4.395
4.381	4.332
4.381	4.363
4.413	4.363
4.413	4.395
4.445	4.395
4.476	4.426
4.445	4.457
4.476	4.457
4.476	4.457
4.508	4.489
4.508	4.489
4.540	4.457
4.571	4.457
4.603	4.457
4.603	4.457
4.603	4.426
4.635	4.426
4.666	4.457
4.635	4.489
4.698	4.489
4.635	4.489
4.666	4.551
4.666	4.551
4.603	4.551
4.666	4.551
4.635	4.551
4.666	4.520
4.698	4.520
4.698	4.551
4.729	4.614
4.729	4.614
4.729	4.614
4.729	4.614
4.729	4.645
4.793	4.645
4.793	4.645
4.793	4.645
4.761	4.645
4.793	4.676
4.761	4.676
4.761	4.645
4.793	4.676
4.761	4.676
4.729	4.645
4.729	4.645
4.761	4.676
4.761	4.614
4.761	4.614
4.761	4.645
4.793	4.614
4.793	4.645
4.761	4.676
4.698	4.645
4.698	4.614
4.635	4.614
4.635	4.614
4.666	4.614
4.635	4.583
4.635	4.551
4.635	4.583
4.666	4.614
4.603	4.645
4.635	4.583
4.635	4.614
4.635	4.645
4.666	4.614
4.635	4.614
4.666	4.614
4.666	4.645
4.635	4.645
4.635	4.645
4.635	4.645
4.635	4.676
4.603	4.645
4.571	4.676
4.571	4.645
4.571	4.676
4.571	4.645
4.571	4.645
4.571	4.676
4.540	4.645
4.508	4.614
4.540	4.645
4.571	4.645
4.508	4.614
4.571	4.614
4.540	4.645
4.508	4.645
4.508	4.583
4.508	4.614
4.476	4.551
4.445	4.614
4.476	4.583
4.445	4.614
4.413	4.614
4.476	4.551
4.445	4.614
4.445	4.614
4.445	4.583
4.445	4.583
4.413	4.614
4.413	4.583
4.413	4.614
4.445	4.614
4.413	4.614
4.413	4.614
4.413	4.645
4.413	4.614
4.413	4.676
4.476	4.676
4.508	4.645
4.476	4.645
4.508	4.645
4.476	4.676
4.476	4.645
4.445	4.614
4.476	4.583
4.476	4.645
4.413	4.583
4.445	4.583
4.413	4.551
4.476	4.520
4.413	4.551
4.445	4.583
4.381	4.583
4.413	4.551
4.445	4.583
4.413	4.614
4.413	4.583
4.413	4.614
4.350	4.551
4.350	4.583
4.287	4.520
4.381	4.583
4.318	4.520
4.287	4.551
4.287	4.520
4.287	4.520
4.255	4.520
4.287	4.489
4.287	4.520
4.255	4.489
4.223	4.489
4.255	4.457
4.255	4.489
4.223	4.457
4.223	4.426
4.223	4.457
4.160	4.426
4.160	4.426
4.160	4.395
4.128	4.426
4.128	4.395
4.097	4.363
4.065	4.363
4.065	4.332
4.065	4.363
4.065	4.332
4.065	4.363
4.033	4.332
4.065	4.363
4.002	4.395
4.033	4.363
4.002	4.363
4.002	4.395
4.002	4.332
3.970	4.301
3.970	4.301
3.939	4.332
3.939	4.332
3.970	4.301
3.970	4.332
3.970	4.332
3.970	4.301
3.970	4.301
3.970	4.301
3.970	4.269
3.970	4.301
3.970	4.301
3.970	4.301
3.939	4.301
3.939	4.269
3.939	4.238
3.907	4.207
3.907	4.207
3.907	4.207
3.907	4.207
3.875	4.175
3.875	4.238
3.907	4.207
3.907	4.207
3.907	4.207
3.875	4.207
3.907	4.207
3.939	4.238
3.939	4.238
3.939	4.238
3.970	4.238
3.970	4.269
4.002	4.238
3.970	4.269
3.939	4.238
4.002	4.238
3.970	4.207
3.907	4.238
3.939	4.238
3.907	4.207
3.907	4.207
3.939	4.207
3.907	4.238
3.875	4.238
3.875	4.238
3.939	4.207
3.939	4.207
3.907	4.207
3.907	4.175
3.875	4.207
3.939	4.238
3.970	4.238
3.970	4.238
3.970	4.207
3.970	4.238
3.970	4.269
3.970	4.269
3.939	4.238
3.939	4.269
3.970	4.238
3.970	4.238
3.939	4.207
3.970	4.207
3.939	4.207
3.970	4.238
3.939	4.207
3.970	4.238
3.970	4.207
3.970	4.207
4.002	4.238
3.970	4.269
4.033	4.238
4.002	4.238
3.939	4.207
3.970	4.238
3.970	4.175
4.033	4.144
4.033	4.175
4.002	4.175
4.033	4.175
4.002	4.144
3.970	4.175
4.002	4.144
4.033	4.175
4.002	4.144
4.065	4.144
4.033	4.175
4.065	4.144
4.065	4.144
4.065	4.207
4.065	4.144
4.033	4.144
4.097	4.207
4.065	4.207
4.097	4.207
4.097	4.207
4.097	4.175
4.097	4.238
4.128	4.207
4.128	4.269
4.160	4.207
4.097	4.238
4.160	4.269
4.128	4.238
4.128	4.238
4.128	4.238
4.128	4.238
4.128	4.238
4.097	4.238
4.128	4.238
4.128	4.207
4.128	4.207
4.128	4.238
4.192	4.238
4.128	4.175
4.160	4.207
4.160	4.207
4.223	4.207
4.223	4.238
4.223	4.238
4.255	4.238
4.223	4.238
4.255	4.207
4.192	4.238
4.192	4.269
4.223	4.238
4.192	4.301
4.192	4.269
4.223	4.238
4.223	4.301
4.223	4.301
4.255	4.301
4.255	4.269
4.255	4.301
4.287	4.269
4.255	4.301
4.287	4.238
4.223	4.332
4.287	4.301
4.287	4.301
4.318	4.332
4.318	4.332
4.318	4.332
4.350	4.395
4.381	4.395
4.381	4.426
4.413	4.489
4.476	4.489
4.540	4.551
4.540	4.583
4.635	4.676
4.698	4.739
4.729	4.770
4.793	4.896
4.856	4.958
4.983	5.052
5.046	5.115
5.141	5.209
5.236	5.397
5.299	5.491
5.394	5.616
5.489	5.710
5.552	5.772
5.647	5.835
5.742	6.023
5.773	6.086
5.868	6.211
5.932	6.336
6.027	6.461
6.090	6.555
6.185	6.618
6.248	6.680
6.311	6.712
6.311	6.806
6.311	6.931
6.343	6.994
6.375	7.025
6.375	7.088
6.406	7.119
6.438	7.119
6.501	7.150
6.501	7.150
6.469	7.181
6.501	7.244
6.469	7.213
6.438	7.275
6.406	7.244
6.406	7.213
6.343	7.213
6.343	7.213
6.343	7.119
6.280	7.119
6.280	7.088
6.216	7.119
6.153	7.150
6.153	7.119
6.121	7.119
6.058	7.056
6.058	6.994
6.027	6.994
6.027	6.962
5.963	6.931
5.995	6.931
5.995	6.900
5.995	6.868
5.932	6.837
5.963	6.806
5.932	6.774
5.963	6.774
5.932	6.743
5.963	6.712
5.868	6.680
5.805	6.680
5.805	6.649
5.742	6.618
5.710	6.587
5.679	6.587
5.615	6.587
5.615	6.555
5.584	6.493
5.552	6.524
5.520	6.493
5.520	6.461
5.520	6.430
5.489	6.399
5.489	6.399
5.520	6.367
5.425	6.336
5.394	6.273
5.362	6.211
5.362	6.179
5.299	6.211
5.236	6.179
5.236	6.117
5.204	6.086
5.204	6.023
5.172	5.992
5.109	5.992
5.046	5.929
5.046	5.929
4.983	5.835
4.983	5.804
4.888	5.835
4.888	5.804
4.856	5.772
4.824	5.772
4.793	5.772
4.761	5.741
4.698	5.710
4.729	5.741
4.666	5.710
4.698	5.647
4.666	5.647
4.666	5.647
4.666	5.678
4.666	5.585
4.635	5.616
4.635	5.585
4.635	5.585
4.635	5.553
4.635	5.553
4.603	5.553
4.571	5.522
4.540	5.459
4.508	5.428
4.540	5.428
4.476	5.397
4.476	5.365
4.445	5.397
4.413	5.365
4.381	5.365
4.350	5.397
4.318	5.334
4.350	5.334
4.318	5.334
4.287	5.303
4.287	5.240
4.287	5.303
4.318	5.303
4.318	5.240
4.318	5.303
4.287	5.271
4.318	5.303
4.318	5.303
4.318	5.303
4.287	5.334
4.287	5.365
4.255	5.303
4.255	5.271
4.255	5.303
4.255	5.303
4.255	5.303
4.287	5.303
4.255	5.303
4.255	5.303
4.255	5.271
4.287	5.303
4.287	5.334
4.255	5.334
4.318	5.271
4.287	5.303
4.255	5.303
4.287	5.303
4.287	5.303
4.318	5.303
4.287	5.303
4.381	5.303
4.381	5.271
4.381	5.334
4.381	5.334
4.445	5.303
4.413	5.271
4.413	5.303
4.413	5.271
4.381	5.240
4.381	5.209
4.381	5.209
4.413	5.240
4.413	5.240
4.445	5.209
4.445	5.209
4.476	5.177
4.476	5.209
4.508	5.209
4.476	5.146
4.476	5.146
4.476	5.146
4.476	5.177
4.476	5.177
4.508	5.146
4.476	5.146
4.476	5.146
4.508	5.115
4.508	5.115
4.445	5.115
4.476	5.115
4.476	5.115
4.445	5.115
4.413	5.115
4.445	5.084
4.445	5.115
4.476	5.084
4.476	5.052
4.476	5.115
4.476	5.084
4.508	5.084
4.476	5.021
4.476	4.990
4.445	4.958
4.445	4.958
4.413	4.927
4.413	4.896
4.381	4.864
4.381	4.833
4.381	4.833
4.350	4.833
4.381	4.864
4.381	4.864
4.413	4.896
4.381	4.896
4.413	4.896
4.381	4.864
4.381	4.896
4.381	4.896
4.413	4.896
4.413	4.896
4.413	4.864
4.445	4.833
4.413	4.864
4.413	4.833
4.350	4.864
4.381	4.864
4.413	4.833
4.381	4.864
4.381	4.864
4.381	4.833
4.350	4.802
4.413	4.802
4.381	4.802
4.381	4.770
4.318	4.770
4.350	4.770
4.350	4.802
4.381	4.802
4.381	4.833
4.381	4.833
4.381	4.833
4.413	4.802
4.413	4.833
4.445	4.833
4.445	4.864
4.445	4.864
4.413	4.833
4.445	4.802
4.413	4.770
4.381	4.739
4.413	4.802
4.381	4.770
4.381	4.770
4.350	4.739
4.350	4.739
4.381	4.770
4.381	4.770
4.381	4.770
4.413	4.770
4.413	4.770
4.413	4.770
4.445	4.802
4.445	4.770
4.476	4.770
4.476	4.802
4.445	4.802
4.508	4.770
4.476	4.739
4.540	4.770
4.540	4.739
4.571	4.770
4.540	4.770
4.540	4.770
4.540	4.770
4.540	4.770
4.540	4.770
4.508	4.770
4.571	4.770
4.571	4.770
4.603	4.739
4.603	4.739
4.603	4.770
4.603	4.802
4.635	4.770
4.666	4.770
4.729	4.770
4.729	4.770
4.761	4.802
4.856	4.802
4.888	4.833
4.919	4.833
4.919	4.833
4.919	4.833
4.888	4.802
4.856	4.833
4.856	4.833
4.824	4.802
4.888	4.833
4.824	4.770
4.824	4.770
4.824	4.770
4.761	4.739
4.793	4.770
4.793	4.770
4.824	4.802
4.793	4.739
4.793	4.770
4.793	4.770
4.793	4.802
4.793	4.770
4.793	4.802
4.824	4.770
4.761	4.802
4.793	4.770
4.793	4.770
4.761	4.770
4.793	4.739
4.793	4.770
4.793	4.739
4.761	4.770
4.761	4.770
4.761	4.739
4.761	4.770
4.729	4.739
4.761	4.739
4.729	4.708
4.666	4.739
4.666	4.770
4.698	4.708
4.698	4.676
4.666	4.676
4.635	4.708
4.603	4.676
4.603	4.676
4.571	4.676
4.603	4.739
4.571	4.676
4.571	4.708
4.540	4.645
4.540	4.676
4.508	4.676
4.508	4.645
4.445	4.645
4.476	4.645
4.445	4.645
4.445	4.676
4.413	4.645
4.445	4.676
4.445	4.645
4.445	4.645
4.445	4.645
4.476	4.645
4.508	4.645
4.508	4.708
4.508	4.676
4.508	4.676
4.508	4.676
4.476	4.708
4.508	4.676
4.508	4.708
4.445	4.676
4.476	4.708
4.445	4.676
4.445	4.676
4.476	4.645
4.445	4.645
4.413	4.676
4.445	4.739
4.476	4.739
4.445	4.770
4.540	4.802
4.540	4.864
4.540	4.802
4.508	4.864
4.508	4.864
4.476	4.833
4.445	4.833
4.413	4.802
4.445	4.833
4.381	4.802
4.381	4.802
4.413	4.802
4.350	4.864
4.350	4.896
4.381	4.958
4.318	4.990
4.318	5.021
4.287	5.084
4.287	5.115
4.255	5.146
4.223	5.146
4.160	5.209
4.160	5.177
4.128	5.240
4.160	5.271
4.128	5.303
4.097	5.303
4.097	5.303
4.097	5.271
4.097	5.365
4.097	5.397
4.128	5.428
4.065	5.522
4.065	5.553
4.033	5.585
4.065	5.710
4.002	5.710
3.970	5.772
3.939	5.835
3.970	5.772
3.939	5.804
3.939	5.741
3.907	5.772
3.939	5.741
3.939	5.772
3.939	5.741
3.939	5.804
3.970	5.835
3.939	5.898
3.939	5.898
3.970	5.929
3.907	5.960
3.970	5.992
3.939	6.054
3.939	6.054
3.907	6.054
3.939	6.054
3.970	6.086
3.939	6.086
4.002	6.117
3.970	6.086
4.002	6.086
4.033	6.086
4.065	6.054
4.097	5.992
4.128	5.992
4.160	5.992
4.160	6.023
4.223	6.023
4.255	6.023
4.223	6.086
4.223	6.086
4.255	6.117
4.318	6.117
4.350	6.148
4.318	6.273
4.381	6.273
4.350	6.305
4.381	6.367
4.381	6.430
4.381	6.461
4.381	6.493
4.350	6.587
4.350	6.618
4.381	6.587
4.413	6.680
4.381	6.743
4.381	6.774
4.381	6.837
4.445	6.931
4.445	6.962
4.508	6.962
4.476	6.994
4.476	6.994
4.540	6.962
4.508	6.900
4.540	6.868
4.508	6.774
4.508	6.712
4.476	6.680
4.508	6.618
4.476	6.649
4.508	6.618
4.540	6.618
4.476	6.587
4.476	6.618
4.508	6.587
4.508	6.587
4.508	6.555
4.508	6.555
4.540	6.524
4.508	6.493
4.476	6.461
4.476	6.461
4.445	6.430
4.413	6.399
4.508	6.336
4.445	6.336
4.445	6.336
4.413	6.242
4.445	6.211
4.413	6.211
4.413	6.179
4.413	6.179
4.413	6.117
4.413	6.117
4.381	6.086
4.381	6.117
4.381	6.086
4.413	6.054
4.413	6.117
4.413	6.054
4.445	6.086
4.445	6.054
4.445	6.054
4.413	6.023
4.413	6.086
4.413	6.086
4.381	6.023
4.413	6.023
4.381	6.023
4.350	6.023
4.350	5.960
4.350	5.929
4.318	5.898
4.350	5.898
4.318	5.866
4.318	5.835
4.255	5.772
4.223	5.772
4.160	5.710
4.192	5.710
4.192	5.678
4.192	5.678
4.160	5.647
4.160	5.678
4.160	5.647
4.160	5.647
4.128	5.647
4.160	5.585
4.128	5.553
4.097	5.522
4.097	5.491
4.097	5.522
4.065	5.491
4.033	5.522
4.033	5.459
4.002	5.459
4.033	5.459
4.033	5.428
4.002	5.428
4.033	5.428
4.033	5.459
4.033	5.397
4.002	5.365
3.970	5.365
4.002	5.365
3.970	5.334
3.970	5.365
3.970	5.240
3.970	5.271
3.970	5.240
3.970	5.240
3.939	5.271
3.970	5.240
3.939	5.209
3.970	5.209
3.939	5.209
3.939	5.209
3.939	5.177
3.939	5.177
3.907	5.146
3.939	5.115
3.939	5.177
3.939	5.146
3.970	5.146
4.002	5.115
3.970	5.146
3.970	5.177
3.970	5.209
3.970	5.209
4.002	5.240
3.970	5.209
3.970	5.177
4.002	5.177
3.970	5.146
3.939	5.146
4.002	5.177
4.002	5.209
3.970	5.177
4.002	5.177
4.002	5.177
4.033	5.177
4.002	5.146
4.033	5.146
4.033	5.146
4.033	5.177
4.065	5.146
4.097	5.177
4.128	5.177
4.097	5.146
4.160	5.146
4.128	5.146
4.128	5.146
4.128	5.115
4.160	5.115
4.192	5.177
4.192	5.146
4.192	5.146
4.192	5.146
4.223	5.177
4.223	5.209
4.223	5.177
4.223	5.177
4.223	5.177
4.223	5.209
4.223	5.146
4.255	5.177
4.223	5.177
4.192	5.146
4.160	5.115
4.223	5.146
4.255	5.146
4.223	5.146
4.223	5.146
4.287	5.209
4.287	5.209
4.318	5.209
4.318	5.177
4.350	5.177
4.413	5.177
4.381	5.271
4.413	5.209
4.413	5.240
4.445	5.240
4.445	5.240
4.445	5.240
4.445	5.240
4.381	5.146
4.381	5.177
4.413	5.115
4.381	5.146
4.413	5.146
4.381	5.177
4.381	5.177
4.350	5.146
4.381	5.084
4.350	5.084
4.318	5.084
4.318	5.084
4.318	5.115
4.318	5.084
4.287	5.084
4.287	5.084
4.287	5.052
4.287	5.052
4.287	4.990
4.287	5.021
4.223	5.052
4.287	5.021
4.287	5.052
4.287	5.052
4.287	5.021
4.287	5.021
4.287	4.990
4.318	4.990
4.255	4.990
4.255	4.927
4.255	4.927
4.223	4.896
4.223	4.833
4.223	4.864
4.192	4.864
4.223	4.833
4.192	4.802
4.160	4.802
4.223	4.802
4.192	4.802
4.192	4.833
4.192	4.833
4.128	4.864
4.160	4.833
4.128	4.864
4.160	4.864
4.160	4.802
4.097	4.802
4.097	4.833
4.160	4.833
4.097	4.802
4.160	4.802
4.128	4.802
4.097	4.802
4.065	4.802
4.097	4.802
4.097	4.802
4.065	4.802
4.097	4.770
4.128	4.802
4.097	4.802
4.128	4.833
4.097	4.802
4.097	4.802
4.128	4.833
4.160	4.833
4.128	4.833
4.160	4.833
4.160	4.864
4.160	4.896
4.160	4.896
4.128	4.896
4.160	4.896
4.160	4.927
4.192	4.990
4.192	4.990
4.160	4.990
4.192	5.021
4.192	5.052
4.192	5.084
4.223	5.115
4.223	5.146
4.223	5.146
4.223	5.209
4.223	5.271
4.223	5.303
4.287	5.397
4.287	5.459
4.255	5.522
4.287	5.585
4.223	5.647
4.223	5.710
4.192	5.741
4.192	5.741
4.192	5.772
4.128	5.804
4.160	5.804
4.160	5.772
4.160	5.804
4.160	5.804
4.160	5.835
4.160	5.835
4.128	5.835
4.128	5.929
4.128	5.929
4.128	5.898
4.128	5.960
4.128	5.929
4.160	5.960
4.097	5.929
4.097	5.898
4.128	5.866
4.097	5.866
4.097	5.835
4.065	5.835
4.065	5.804
4.033	5.804
4.033	5.741
4.002	5.710
4.002	5.710
4.033	5.710
4.033	5.678
4.002	5.678
4.002	5.678
3.970	5.647
3.970	5.678
4.002	5.710
3.939	5.647
3.939	5.678
3.907	5.647
3.907	5.585
3.907	5.585
3.939	5.616
3.907	5.585
3.875	5.553
3.907	5.522
3.875	5.553
3.844	5.491
3.907	5.522
3.875	5.491
3.844	5.491
3.875	5.459
3.812	5.428
3.812	5.397
3.844	5.397
3.844	5.397
3.875	5.459
3.812	5.397
3.844	5.397
3.780	5.397
3.780	5.365
3.844	5.365
3.780	5.365
3.749	5.334
3.812	5.397
3.812	5.334
3.749	5.271
3.685	5.271
3.685	5.271
3.717	5.240
3.749	5.303
3.749	5.240
3.749	5.209
3.780	5.240
3.749	5.240
3.780	5.209
3.780	5.177
3.749	5.177
3.780	5.240
3.749	5.209
3.717	5.146
3.717	5.115
3.749	5.146
3.749	5.146
3.749	5.146
3.749	5.115
3.717	5.084
3.749	5.084
3.717	5.084
3.749	5.084
3.685	5.021
3.717	5.052
3.717	5.021
3.685	5.052
3.780	5.052
3.780	5.052
3.780	5.021
3.780	5.052
3.780	5.021
3.780	5.021
3.812	5.052
3.844	5.115
3.844	5.115
3.844	5.115
3.875	5.052
3.844	5.052
3.844	5.115
3.844	5.052
3.844	5.084
3.875	5.084
3.844	5.084
3.907	5.052
3.875	5.084
3.844	5.084
3.907	5.084
3.970	5.115
3.970	5.146
3.970	5.146
4.065	5.146
4.033	5.177
4.033	5.177
4.065	5.240
4.065	5.240
4.097	5.209
4.097	5.209
4.097	5.240
4.097	5.209
4.097	5.177
4.128	5.177
4.128	5.209
4.128	5.240
4.065	5.177
4.065	5.209
4.065	5.177
4.097	5.209
4.065	5.177
4.065	5.177
4.065	5.146
4.065	5.146
4.002	5.084
4.065	5.084
4.065	5.115
4.097	5.146
4.033	5.146
4.097	5.146
4.065	5.146
4.097	5.177
4.128	5.177
4.097	5.177
4.128	5.209
4.128	5.209
4.128	5.209
4.128	5.209
4.192	5.209
4.128	5.177
4.128	5.209
4.128	5.240
4.128	5.209
4.128	5.209
4.128	5.240
4.160	5.177
4.160	5.209
4.192	5.209
4.160	5.271
4.223	5.271
4.192	5.240
4.223	5.209
4.192	5.240
4.192	5.240
4.223	5.177
4.223	5.209
4.255	5.271
4.255	5.209
4.255	5.240
4.223	5.271
4.223	5.240
4.255	5.271
4.223	5.271
4.255	5.271
4.287	5.240
4.223	5.240
4.255	5.240
4.255	5.271
4.223	5.271
4.223	5.303
4.223	5.334
4.255	5.271
4.223	5.303
4.255	5.365
4.255	5.334
4.255	5.334
4.255	5.334
4.223	5.303
4.255	5.334
4.223	5.303
4.223	5.334
4.255	5.334
4.223	5.303
4.223	5.271
4.223	5.303
4.223	5.271
4.255	5.271
4.255	5.271
4.192	5.271
4.192	5.240
4.192	5.240
4.160	5.209
4.128	5.209
4.160	5.146
4.160	5.177
4.192	5.177
4.160	5.209
4.192	5.209
4.160	5.209
4.128	5.177
4.097	5.177
4.097	5.115
4.065	5.177
4.065	5.146
4.097	5.146
4.097	5.146
4.128	5.209
4.097	5.177
4.128	5.177
4.097	5.177
4.097	5.177
4.128	5.177
4.128	5.146
4.128	5.146
4.097	5.146
4.097	5.084
4.065	5.084
4.097	5.084
4.097	5.084
4.065	5.115
4.097	5.084
4.065	5.084
4.065	5.084
4.002	5.021
4.033	4.990
3.970	5.021
4.002	4.958
4.033	4.990
4.002	5.021
4.002	4.990
4.002	4.958
3.970	4.927
3.970	4.958
3.970	4.990
3.939	4.990
3.970	5.021
3.907	4.958
3.970	5.021
4.002	5.021
3.970	5.052
4.002	5.052
4.002	5.021
3.970	4.990
3.939	4.990
3.970	4.958
3.907	5.021
3.970	4.990
3.939	4.990
3.907	4.958
3.939	4.990
3.907	4.990
3.907	4.990
3.939	4.958
3.939	4.990
3.970	4.958
3.939	4.958
3.939	4.927
3.907	4.958
3.907	4.958
3.907	4.864
3.939	4.896
3.907	4.864
3.907	4.896
3.907	4.896
3.907	4.896
3.939	4.896
3.907	4.833
3.875	4.896
3.939	4.896
3.907	4.896
3.907	4.896
3.875	4.927
3.907	4.927
3.875	4.958
3.875	4.864
3.875	4.896
3.875	4.864
3.844	4.864
3.812	4.864
3.875	4.833
3.875	4.864
3.844	4.864
3.907	4.896
3.907	4.864
3.875	4.864
3.875	4.864
3.907	4.896
3.939	4.896
3.970	4.896
3.907	4.896
3.907	4.896
3.875	4.833
3.875	4.802
3.907	4.802
3.907	4.802
3.939	4.833
3.939	4.802
3.875	4.802
3.875	4.770
3.907	4.770
3.907	4.802
3.875	4.802
3.939	4.802
3.907	4.864
3.939	4.864
3.939	4.833
4.002	4.896
3.970	4.833
3.970	4.896
3.970	4.896
3.939	4.864
3.939	4.833
3.907	4.864
3.907	4.864
3.875	4.802
3.875	4.833
3.907	4.770
3.907	4.770
3.907	4.770
3.939	4.770
3.939	4.770
3.907	4.802
3.907	4.802
3.907	4.833
3.907	4.833
3.907	4.833
3.907	4.770
3.844	4.833
3.844	4.802
3.844	4.770
3.812	4.802
3.844	4.802
3.812	4.802
3.780	4.770
3.812	4.770
3.780	4.770
3.844	4.802
3.780	4.770
3.780	4.802
3.844	4.833
3.812	4.833
3.812	4.864
3.844	4.833
3.844	4.864
3.812	4.864
3.844	4.833
3.780	4.770
3.780	4.770
3.780	4.802
3.844	4.802
3.812	4.802
3.812	4.833
3.844	4.770
3.844	4.802
3.812	4.802
3.844	4.770
3.844	4.770
3.844	4.802
3.844	4.770
3.844	4.770
3.844	4.802
3.812	4.739
3.780	4.770
3.812	4.770
3.812	4.770
3.812	4.739
3.844	4.708
3.812	4.739
3.780	4.770
3.812	4.739
3.812	4.770
3.812	4.708
3.780	4.676
3.717	4.676
3.717	4.708
3.717	4.645
3.717	4.645
3.749	4.583
3.717	4.583
