-2.420	-2.024
-2.420	-2.056
-2.420	-2.056
-2.420	-2.024
-2.389	-2.056
-2.420	-2.024
-2.420	-2.056
-2.420	-2.056
-2.389	-2.056
-2.420	-2.056
-2.420	-2.056
-2.389	-2.056
-2.389	-2.056
-2.420	-2.024
-2.420	-2.056
-2.389	-2.024
-2.420	-2.024
-2.357	-2.056
-2.420	-2.024
-2.389	-2.024
-2.420	-2.024
-2.389	-2.056
-2.420	-2.024
-2.389	-2.056
-2.357	-2.056
-2.420	-2.024
-2.420	-2.056
-2.389	-2.024
-2.420	-2.024
-2.389	-2.024
-2.389	-1.993
-2.389	-2.056
-2.420	-2.024
-2.389	-2.056
-2.389	-2.056
-2.389	-2.056
-2.357	-2.024
-2.357	-2.024
-2.389	-2.024
-2.389	-2.024
-2.357	-2.056
-2.420	-2.024
-2.389	-1.993
-2.389	-1.993
-2.389	-2.056
-2.389	-2.024
-2.389	-2.024
-2.389	-2.056
-2.389	-2.024
-2.389	-2.056
-2.389	-2.024
-2.389	-2.024
-2.420	-2.024
-2.389	-2.056
-2.389	-2.056
-2.389	-2.056
-2.389	-2.024
-2.420	-2.056
-2.389	-2.056
-2.357	-1.993
-2.357	-2.024
-2.357	-2.056
-2.357	-1.993
-2.420	-2.024
-2.357	-1.993
-2.389	-2.024
-2.357	-2.024
-2.357	-2.024
-2.389	-2.024
-2.420	-2.024
-2.389	-2.024
-2.357	-2.024
-2.357	-2.056
-2.389	-2.024
-2.389	-2.024
-2.357	-2.024
-2.357	-2.024
-2.420	-2.024
-2.357	-2.024
-2.357	-2.024
-2.389	-2.024
-2.357	-1.993
-2.357	-2.056
-2.357	-1.993
-2.389	-2.024
-2.357	-2.024
-2.357	-2.024
-2.357	-2.024
-2.389	-2.024
-2.389	-2.024
-2.357	-2.024
-2.357	-1.993
-2.357	-2.024
-2.357	-2.024
-2.357	-1.993
-2.357	-2.024
-2.389	-2.024
-2.389	-1.993
-2.357	-2.024
-2.357	-2.024
-2.389	-2.024
-2.389	-1.993
-2.357	-2.024
-2.357	-2.024
-2.357	-2.024
-2.357	-2.024
-2.389	-1.993
-2.357	-2.024
-2.357	-1.993
-2.357	-2.024
-2.357	-2.024
-2.357	-2.024
-2.357	-2.024
-2.357	-2.056
-2.325	-1.993
-2.357	-1.993
-2.325	-1.993
-2.357	-1.993
-2.357	-2.024
-2.357	-1.993
-2.325	-2.024
-2.325	-2.024
-2.357	-1.993
-2.389	-1.993
-2.357	-2.024
-2.357	-2.024
-2.357	-2.024
-2.325	-1.993
-2.325	-2.024
-2.325	-2.056
-2.325	-1.993
-2.357	-2.024
-2.389	-1.993
-2.357	-1.993
-2.357	-1.993
-2.357	-1.993
-2.325	-2.024
-2.325	-2.024
-2.325	-1.993
-2.357	-2.024
-2.357	-1.993
-2.357	-2.024
-2.325	-1.993
-2.357	-2.056
-2.357	-1.993
-2.357	-1.993
-2.325	-2.024
-2.325	-1.962
-2.357	-1.993
-2.357	-1.993
-2.357	-1.993
-2.325	-2.024
-2.325	-2.024
-2.325	-1.993
-2.325	-1.993
-2.357	-1.993
-2.325	-1.993
-2.357	-2.024
-2.325	-1.962
-2.389	-2.056
-2.357	-1.993
-2.325	-1.993
-2.325	-2.024
-2.357	-1.993
-2.357	-1.962
-2.325	-1.993
-2.325	-2.024
-2.325	-1.993
-2.325	-2.024
-2.325	-1.993
-2.325	-1.993
-2.357	-2.056
-2.357	-1.993
-2.325	-1.962
-2.325	-1.993
-2.325	-1.993
-2.325	-1.993
-2.325	-2.024
-2.357	-2.024
-2.325	-1.962
-2.325	-1.993
-2.357	-1.993
-2.357	-1.993
-2.357	-1.962
-2.357	-1.962
-2.325	-2.024
-2.325	-1.993
-2.357	-1.962
-2.294	-1.993
-2.325	-2.024
-2.325	-1.993
-2.325	-1.993
-2.325	-1.993
-2.325	-2.024
-2.294	-2.024
-2.357	-2.024
-2.325	-1.962
-2.325	-1.993
-2.325	-2.024
-2.325	-1.962
-2.357	-1.993
-2.325	-1.993
-2.294	-1.993
-2.325	-1.993
-2.325	-1.962
-2.325	-1.993
-2.294	-1.993
-2.294	-1.993
-2.325	-2.024
-2.325	-1.993
-2.325	-1.993
-2.294	-1.993
-2.325	-2.024
-2.325	-1.962
-2.325	-1.962
-2.325	-1.993
-2.294	-1.993
-2.325	-1.993
-2.357	-1.993
-2.325	-1.993
-2.294	-1.993
-2.325	-2.024
-2.325	-1.993
-2.325	-1.993
-2.294	-1.993
-2.294	-1.962
-2.294	-1.993
-2.294	-1.962
-2.357	-2.024
-2.325	-2.024
-2.325	-2.024
-2.294	-1.962
-2.294	-1.962
-2.325	-1.930
-2.325	-2.024
-2.325	-1.962
-2.294	-1.993
-2.294	-1.993
-2.294	-1.993
-2.325	-1.993
-2.325	-1.993
-2.294	-1.993
-2.294	-1.993
-2.294	-1.993
-2.325	-1.993
-2.294	-1.993
-2.294	-1.993
-2.294	-1.962
-2.325	-1.962
-2.294	-1.962
-2.325	-1.993
-2.325	-1.962
-2.325	-1.962
-2.262	-1.993
-2.325	-1.993
-2.294	-1.993
-2.325	-1.993
-2.294	-1.962
-2.294	-1.993
-2.325	-1.993
-2.294	-1.993
-2.262	-1.993
-2.294	-1.962
-2.294	-1.993
-2.294	-1.962
-2.294	-1.962
-2.231	-1.993
-2.262	-1.993
-2.294	-1.993
-2.294	-1.993
-2.294	-1.993
-2.294	-1.993
-2.294	-1.962
-2.262	-2.024
-2.294	-1.993
-2.294	-1.962
-2.294	-1.993
-2.325	-1.993
-2.325	-1.962
-2.325	-1.993
-2.294	-1.962
-2.325	-1.993
-2.294	-1.962
-2.325	-1.993
-2.294	-1.962
-2.294	-1.962
-2.294	-1.993
-2.294	-1.993
-2.294	-1.962
-2.262	-1.930
-2.294	-1.962
-2.262	-1.962
-2.294	-1.962
-2.294	-1.993
-2.294	-1.962
-2.294	-1.993
-2.262	-1.993
-2.262	-1.962
-2.294	-1.993
-2.294	-1.962
-2.262	-1.993
-2.262	-1.962
-2.294	-1.962
-2.294	-1.962
-2.294	-1.993
-2.262	-1.962
-2.294	-1.962
-2.262	-1.962
-2.262	-1.993
-2.294	-1.962
-2.262	-1.962
-2.262	-1.962
-2.294	-1.962
-2.325	-1.962
-2.294	-1.993
-2.231	-1.962
-2.262	-1.962
-2.262	-1.930
-2.294	-1.930
-2.262	-1.962
-2.294	-1.962
-2.262	-1.962
-2.294	-1.962
-2.294	-1.993
-2.294	-1.962
-2.262	-1.930
-2.262	-1.993
-2.294	-1.993
-2.262	-1.962
-2.262	-1.962
-2.262	-1.993
-2.262	-1.993
-2.294	-1.930
-2.262	-1.930
-2.262	-1.962
-2.262	-1.930
-2.262	-1.993
-2.262	-1.930
-2.294	-1.962
-2.262	-1.962
-2.294	-1.962
-2.231	-1.962
-2.231	-1.962
-2.294	-1.993
-2.262	-1.993
-2.262	-1.930
-2.262	-1.930
-2.262	-1.962
-2.262	-1.930
-2.262	-1.962
-2.262	-1.962
-2.262	-1.962
-2.262	-1.993
-2.294	-1.962
-2.262	-1.930
-2.231	-1.962
-2.262	-1.962
-2.262	-1.962
-2.262	-1.930
-2.231	-1.930
-2.231	-1.930
-2.262	-1.930
-2.262	-1.930
-2.231	-1.930
-2.294	-1.930
-2.262	-1.993
-2.262	-1.962
-2.294	-1.899
-2.294	-1.962
-2.262	-1.930
-2.294	-1.962
-2.262	-1.962
-2.262	-1.962
-2.262	-1.962
-2.262	-1.930
-2.262	-1.962
-2.262	-1.930
-2.231	-1.962
-2.231	-1.962
-2.199	-1.930
-2.231	-1.962
-2.262	-1.930
-2.262	-1.930
-2.262	-1.962
-2.294	-1.930
-2.262	-1.930
-2.231	-1.962
-2.231	-1.962
-2.262	-1.962
-2.262	-1.962
-2.262	-1.962
-2.231	-1.962
-2.231	-1.930
-2.262	-1.962
-2.262	-1.930
-2.231	-1.930
-2.231	-1.899
-2.262	-1.930
-2.262	-1.962
-2.231	-1.930
-2.199	-1.930
-2.199	-1.930
-2.231	-1.962
-2.199	-1.930
-2.231	-1.930
-2.199	-1.962
-2.199	-1.962
-2.199	-1.930
-2.231	-1.930
-2.231	-1.930
-2.231	-1.930
-2.199	-1.930
-2.262	-1.930
-2.199	-1.930
-2.231	-1.930
-2.199	-1.930
-2.167	-1.930
-2.231	-1.930
-2.167	-1.899
-2.199	-1.930
-2.199	-1.899
-2.199	-1.930
-2.199	-1.930
-2.199	-1.962
-2.231	-1.930
-2.199	-1.899
-2.231	-1.962
-2.199	-1.899
-2.199	-1.930
-2.199	-1.930
-2.167	-1.930
-2.199	-1.930
-2.231	-1.930
-2.199	-1.930
-2.231	-1.930
-2.231	-1.930
-2.231	-1.930
-2.167	-1.930
-2.199	-1.899
-2.167	-1.899
-2.167	-1.899
-2.231	-1.899
-2.167	-1.930
-2.104	-1.962
-1.724	-1.899
-1.788	-1.774
-1.693	-1.680
-1.566	-1.711
-1.535	-1.711
-1.471	-1.649
-1.471	-1.586
-1.313	-1.555
-1.187	-1.492
-1.123	-1.398
-0.997	-1.273
-0.870	-1.148
-0.680	-0.960
-0.491	-0.803
-0.332	-0.584
-0.143	-0.396
0.111	-0.177
0.300	0.042
0.522	0.230
0.712	0.355
0.965	0.512
1.186	0.731
1.503	0.888
1.661	1.076
1.945	1.201
2.167	1.389
2.420	1.514
2.641	1.702
2.800	1.890
3.084	2.078
3.274	2.328
3.496	2.547
3.749	2.735
4.002	2.954
4.223	3.142
4.476	3.267
4.793	3.455
4.983	3.643
5.299	3.862
5.552	4.019
5.805	4.175
5.995	4.301
6.185	4.457
6.375	4.614
6.533	4.739
6.691	4.896
6.849	5.052
7.007	5.146
7.165	5.334
7.355	5.491
7.387	5.585
7.577	5.710
7.672	5.835
7.767	5.960
7.956	6.086
8.020	6.242
8.115	6.367
8.209	6.493
8.336	6.555
8.431	6.649
8.526	6.743
8.621	6.868
8.747	6.962
8.874	7.150
8.937	7.275
9.000	7.369
9.064	7.463
9.095	7.526
9.095	7.526
9.064	7.557
8.969	7.589
9.064	7.651
9.064	7.714
9.064	7.776
9.064	7.776
9.095	7.808
9.095	7.808
9.095	7.808
9.095	7.839
9.127	7.839
9.064	7.808
9.032	7.776
8.969	7.776
8.969	7.682
8.874	7.620
8.779	7.557
8.684	7.463
8.621	7.401
8.621	7.369
8.589	7.369
8.557	7.338
8.557	7.307
8.526	7.338
8.494	7.338
8.463	7.338
8.494	7.307
8.431	7.244
8.431	7.244
8.399	7.181
8.431	7.181
8.304	7.119
8.304	7.025
8.209	6.931
8.146	6.806
8.051	6.712
7.988	6.618
7.988	6.524
7.893	6.399
7.893	6.367
7.893	6.336
7.861	6.305
7.893	6.305
7.861	6.273
7.861	6.273
7.893	6.211
7.798	6.179
7.767	6.117
7.767	6.117
7.703	6.023
7.703	5.992
7.672	5.929
7.672	5.835
7.577	5.741
7.545	5.647
7.482	5.616
7.450	5.553
7.419	5.585
7.419	5.553
7.355	5.553
7.355	5.491
7.260	5.491
7.260	5.459
7.197	5.428
7.197	5.397
7.197	5.397
7.165	5.334
7.134	5.365
7.134	5.271
7.134	5.271
7.134	5.303
7.134	5.334
7.134	5.303
7.134	5.303
7.134	5.334
7.102	5.334
7.102	5.303
7.071	5.303
7.039	5.240
7.007	5.240
7.007	5.209
7.007	5.209
7.007	5.177
7.007	5.146
7.007	5.177
6.944	5.115
6.976	5.146
7.007	5.146
7.007	5.115
6.944	5.115
6.976	5.177
6.944	5.209
7.007	5.177
6.976	5.177
6.976	5.177
6.912	5.177
6.912	5.177
6.881	5.146
6.881	5.115
6.849	5.146
6.817	5.146
6.881	5.177
6.817	5.177
6.786	5.209
6.786	5.209
6.786	5.177
6.786	5.146
6.786	5.177
6.817	5.146
6.817	5.146
6.786	5.115
6.817	5.146
6.786	5.146
6.786	5.146
6.723	5.146
6.691	5.115
6.723	5.115
6.691	5.115
6.754	5.146
6.659	5.146
6.628	5.115
6.659	5.115
6.628	5.115
6.691	5.115
6.691	5.115
6.723	5.084
6.723	5.115
6.723	5.052
6.691	5.115
6.723	5.146
6.691	5.146
6.659	5.177
6.723	5.177
6.723	5.177
6.754	5.177
6.691	5.209
6.691	5.209
6.723	5.177
6.754	5.271
6.754	5.303
6.723	5.303
6.786	5.334
6.723	5.365
6.817	5.397
6.786	5.397
6.817	5.428
6.817	5.459
6.849	5.459
6.817	5.459
6.849	5.428
6.786	5.397
6.817	5.428
6.849	5.397
6.817	5.428
6.786	5.428
6.786	5.397
6.754	5.365
6.723	5.397
6.723	5.365
6.754	5.365
6.723	5.397
6.691	5.428
6.691	5.459
6.659	5.428
6.659	5.428
6.628	5.397
6.564	5.334
6.501	5.334
6.501	5.303
6.469	5.240
6.438	5.209
6.375	5.177
6.375	5.177
6.311	5.146
6.248	5.177
6.311	5.177
6.280	5.115
6.280	5.084
6.248	5.084
6.248	5.084
6.185	5.052
6.185	5.021
6.121	4.990
6.121	4.990
6.121	4.958
6.090	4.927
6.058	4.927
6.027	4.864
5.995	4.864
6.027	4.896
5.995	4.864
6.027	4.864
6.027	4.864
5.995	4.864
5.995	4.864
5.995	4.864
5.995	4.864
5.995	4.864
5.963	4.896
5.963	4.864
5.932	4.864
5.963	4.896
5.995	4.864
5.995	4.927
5.995	4.896
6.027	4.927
6.027	4.927
6.058	4.927
6.027	4.958
6.090	4.927
6.090	4.958
6.090	4.958
6.058	4.958
6.090	4.990
6.121	5.021
6.153	5.052
6.121	5.052
6.121	5.084
6.153	5.115
6.185	5.115
6.216	5.115
6.153	5.084
6.216	5.084
6.248	5.115
6.248	5.146
6.248	5.209
6.248	5.177
6.248	5.177
6.216	5.209
6.216	5.177
6.185	5.209
6.153	5.209
6.216	5.209
6.185	5.177
6.216	5.177
6.153	5.177
6.185	5.146
6.216	5.177
6.216	5.209
6.248	5.209
6.280	5.240
6.311	5.240
6.311	5.271
6.343	5.303
6.375	5.334
6.406	5.334
6.343	5.334
6.343	5.365
6.280	5.334
6.248	5.303
6.216	5.240
6.185	5.209
6.153	5.177
6.090	5.146
6.058	5.115
6.090	5.115
6.058	5.115
5.995	5.115
5.995	5.146
5.995	5.084
5.963	5.084
5.932	5.052
5.963	5.052
5.868	4.990
5.932	4.990
5.805	4.927
5.805	4.896
5.773	4.864
5.773	4.864
5.742	4.896
5.773	4.864
5.742	4.833
5.742	4.802
5.679	4.833
5.647	4.802
5.679	4.770
5.647	4.739
5.615	4.708
5.552	4.676
5.584	4.676
5.552	4.676
5.520	4.676
5.520	4.676
5.489	4.676
5.489	4.676
5.520	4.676
5.489	4.614
5.457	4.676
5.457	4.614
5.489	4.614
5.489	4.645
5.457	4.583
5.489	4.551
5.425	4.583
5.425	4.520
5.362	4.520
5.394	4.489
5.331	4.520
5.331	4.520
5.299	4.489
5.299	4.551
5.299	4.520
5.331	4.520
5.267	4.457
5.299	4.489
5.299	4.520
5.267	4.489
5.267	4.489
5.267	4.457
5.236	4.457
5.236	4.457
5.267	4.457
5.236	4.395
5.236	4.457
5.236	4.426
5.236	4.457
5.236	4.457
5.236	4.489
5.204	4.551
5.236	4.520
5.267	4.551
5.267	4.551
5.299	4.583
5.331	4.614
5.299	4.551
5.362	4.614
5.394	4.645
5.425	4.676
5.489	4.739
5.552	4.770
5.584	4.864
5.647	4.958
5.742	4.990
5.805	5.021
5.837	5.115
5.932	5.115
5.995	5.146
6.058	5.209
6.090	5.303
6.248	5.334
6.280	5.365
6.343	5.428
6.406	5.459
6.501	5.522
6.533	5.585
6.596	5.647
6.628	5.678
6.691	5.772
6.723	5.804
6.786	5.835
6.849	5.898
6.912	5.929
6.944	5.992
7.039	6.023
7.071	6.023
7.071	6.054
7.071	5.992
7.071	5.960
7.071	5.929
6.944	5.866
6.944	5.804
6.944	5.741
6.849	5.710
6.786	5.710
6.786	5.678
6.786	5.585
6.754	5.585
6.691	5.491
6.691	5.491
6.628	5.459
6.564	5.459
6.533	5.365
6.469	5.334
6.438	5.303
6.406	5.303
6.375	5.240
6.280	5.177
6.248	5.146
6.216	5.115
6.185	5.115
6.121	5.021
6.090	4.990
6.090	4.990
6.058	4.958
5.963	4.896
5.932	4.896
5.932	4.896
5.932	4.864
5.932	4.833
5.932	4.896
5.963	4.927
5.900	4.896
5.932	4.958
5.932	4.896
5.900	4.864
5.868	4.896
5.805	4.802
5.837	4.833
5.773	4.833
5.773	4.802
5.773	4.833
5.773	4.770
5.773	4.833
5.742	4.802
5.742	4.802
5.742	4.770
5.679	4.770
5.679	4.739
5.647	4.708
5.647	4.739
5.615	4.802
5.615	4.770
5.584	4.770
5.584	4.739
5.552	4.770
5.489	4.739
5.552	4.739
5.552	4.739
5.552	4.708
5.520	4.708
5.552	4.708
5.489	4.676
5.457	4.645
5.457	4.676
5.457	4.645
5.457	4.676
5.457	4.614
5.457	4.614
5.425	4.583
5.394	4.583
5.394	4.583
5.394	4.551
5.394	4.583
5.394	4.551
5.362	4.551
5.425	4.614
5.394	4.583
5.362	4.583
5.362	4.583
5.362	4.645
5.362	4.645
5.299	4.614
5.331	4.614
5.331	4.614
5.299	4.583
5.299	4.583
5.267	4.583
5.267	4.520
5.299	4.583
5.267	4.551
5.299	4.520
5.299	4.551
5.299	4.551
5.236	4.551
5.267	4.583
5.267	4.551
5.299	4.583
5.299	4.583
5.299	4.583
5.299	4.583
5.267	4.583
5.267	4.583
5.267	4.551
5.236	4.583
5.267	4.583
5.267	4.583
5.267	4.583
5.267	4.645
5.299	4.614
5.299	4.676
5.331	4.645
5.267	4.645
5.299	4.645
5.267	4.614
5.299	4.645
5.299	4.645
5.236	4.614
5.236	4.614
5.236	4.614
5.236	4.614
5.204	4.614
5.236	4.614
5.236	4.614
5.236	4.645
5.299	4.676
5.267	4.676
5.299	4.676
5.331	4.708
5.299	4.708
5.299	4.708
5.299	4.739
5.299	4.676
5.299	4.708
5.299	4.676
5.299	4.676
5.267	4.708
5.236	4.676
5.267	4.676
5.267	4.708
5.331	4.676
5.299	4.739
5.299	4.676
5.331	4.739
5.362	4.708
5.394	4.676
5.394	4.708
5.362	4.676
5.362	4.645
5.362	4.645
5.457	4.645
5.457	4.583
5.425	4.583
5.425	4.583
5.457	4.583
5.425	4.551
5.425	4.583
5.394	4.551
5.425	4.583
5.362	4.583
5.362	4.583
5.362	4.583
5.362	4.551
5.331	4.583
5.299	4.520
5.299	4.551
5.299	4.551
5.267	4.551
5.267	4.520
5.267	4.489
5.236	4.520
5.236	4.489
5.236	4.457
5.236	4.520
5.204	4.520
5.236	4.520
5.204	4.520
5.204	4.520
5.172	4.489
5.172	4.457
5.204	4.426
5.141	4.426
5.172	4.457
5.172	4.426
5.141	4.489
5.141	4.489
5.141	4.520
5.172	4.489
5.109	4.489
5.141	4.520
5.109	4.489
5.141	4.551
5.109	4.520
5.141	4.520
5.172	4.520
5.141	4.520
5.141	4.520
5.172	4.457
5.141	4.489
5.204	4.520
5.141	4.551
5.204	4.583
5.141	4.583
5.109	4.551
5.141	4.614
5.141	4.583
5.172	4.676
5.204	4.676
5.236	4.645
5.267	4.739
5.267	4.770
5.299	4.739
5.362	4.739
5.299	4.770
5.267	4.739
5.362	4.739
5.299	4.739
5.299	4.770
5.267	4.739
5.236	4.708
5.267	4.739
5.267	4.739
5.299	4.739
5.362	4.770
5.299	4.739
5.362	4.770
5.362	4.802
5.394	4.802
5.425	4.833
5.394	4.833
5.394	4.864
5.362	4.864
5.362	4.802
5.331	4.833
5.331	4.833
5.331	4.802
5.394	4.770
5.362	4.833
5.362	4.833
5.299	4.864
5.331	4.864
5.362	4.864
5.362	4.896
5.362	4.864
5.331	4.896
5.299	4.896
5.299	4.833
5.299	4.896
5.299	4.864
5.236	4.833
5.267	4.833
5.236	4.802
5.236	4.770
5.172	4.802
5.141	4.739
5.109	4.708
5.077	4.739
5.109	4.676
5.109	4.614
5.046	4.645
5.046	4.645
5.046	4.645
5.014	4.614
5.077	4.583
5.077	4.614
5.014	4.583
5.046	4.583
5.077	4.551
5.046	4.551
5.014	4.583
5.014	4.614
5.046	4.645
5.046	4.614
5.046	4.645
5.046	4.676
5.109	4.708
5.109	4.645
5.109	4.645
5.109	4.708
5.109	4.645
5.109	4.645
5.141	4.614
5.141	4.614
5.141	4.645
5.109	4.583
5.109	4.614
5.109	4.583
5.077	4.614
5.077	4.583
5.077	4.583
5.077	4.614
5.077	4.614
5.109	4.645
5.141	4.645
5.109	4.645
5.172	4.676
5.141	4.708
5.172	4.676
5.172	4.676
5.172	4.676
5.204	4.708
5.172	4.708
5.172	4.676
5.204	4.676
5.172	4.645
5.204	4.645
5.172	4.645
5.172	4.676
5.267	4.676
5.236	4.708
5.236	4.708
5.236	4.708
5.267	4.708
5.236	4.739
5.236	4.739
5.236	4.739
5.236	4.739
5.267	4.739
5.267	4.739
5.267	4.708
5.267	4.739
5.331	4.770
5.299	4.802
5.394	4.864
5.394	4.864
5.394	4.864
5.425	4.896
5.425	4.958
5.425	4.958
5.457	4.958
5.457	4.990
5.425	4.990
5.457	4.990
5.362	4.958
5.362	4.927
5.331	4.864
5.299	4.833
5.267	4.802
5.267	4.739
5.267	4.770
5.299	4.802
5.299	4.802
5.299	4.833
5.362	4.802
5.362	4.833
5.331	4.802
5.362	4.833
5.331	4.802
5.362	4.802
5.362	4.833
5.362	4.802
5.362	4.802
5.331	4.802
5.267	4.770
5.299	4.770
5.267	4.708
5.331	4.708
5.299	4.676
5.267	4.708
5.267	4.708
5.267	4.676
5.299	4.645
5.236	4.645
5.236	4.614
5.236	4.614
5.204	4.614
5.172	4.583
5.109	4.551
5.109	4.614
5.109	4.551
5.109	4.583
5.109	4.520
5.109	4.489
5.077	4.457
5.077	4.426
5.046	4.520
5.046	4.489
5.046	4.457
4.983	4.489
4.983	4.457
4.951	4.426
4.888	4.395
4.919	4.395
4.919	4.395
4.856	4.395
4.919	4.395
4.856	4.363
4.919	4.363
4.919	4.332
4.856	4.395
4.856	4.332
4.888	4.332
4.888	4.363
4.856	4.395
4.888	4.426
4.856	4.426
4.856	4.426
4.856	4.426
4.888	4.457
4.856	4.426
4.888	4.395
4.919	4.426
4.919	4.395
4.919	4.457
4.919	4.426
4.919	4.395
4.951	4.395
4.983	4.426
4.919	4.426
4.888	4.395
4.888	4.426
4.919	4.426
4.856	4.426
4.888	4.426
4.888	4.426
4.888	4.426
4.919	4.426
4.983	4.489
5.046	4.457
5.046	4.520
5.077	4.551
5.109	4.614
5.109	4.645
5.141	4.614
5.172	4.614
5.141	4.614
5.109	4.583
5.141	4.645
5.172	4.614
5.172	4.645
5.204	4.676
5.236	4.645
5.267	4.708
5.267	4.708
5.267	4.708
5.299	4.708
5.299	4.708
5.299	4.708
5.267	4.708
5.267	4.739
5.299	4.676
5.267	4.708
5.236	4.645
5.204	4.645
5.267	4.676
5.299	4.676
5.331	4.676
5.362	4.708
5.394	4.739
5.394	4.708
5.425	4.770
5.457	4.770
5.520	4.770
5.520	4.802
5.489	4.770
5.489	4.802
5.457	4.802
5.457	4.770
5.457	4.770
5.425	4.739
5.457	4.739
5.457	4.739
5.520	4.770
5.489	4.770
5.520	4.802
5.584	4.833
5.584	4.833
5.615	4.833
5.647	4.896
5.615	4.864
5.552	4.833
5.584	4.864
5.584	4.833
5.520	4.833
5.520	4.802
5.489	4.802
5.520	4.770
5.552	4.770
5.615	4.833
5.584	4.833
5.584	4.833
5.647	4.833
5.679	4.864
5.647	4.896
5.679	4.864
5.679	4.896
5.647	4.864
5.615	4.833
5.584	4.770
5.552	4.770
5.584	4.802
5.489	4.770
5.489	4.770
5.489	4.802
5.520	4.833
5.457	4.770
5.520	4.802
5.520	4.802
5.489	4.770
5.489	4.802
5.489	4.739
5.457	4.739
5.489	4.739
5.489	4.708
5.457	4.708
5.394	4.676
5.394	4.583
5.394	4.614
5.331	4.614
5.331	4.583
5.299	4.583
5.331	4.551
5.299	4.489
5.299	4.520
5.299	4.489
5.299	4.520
5.299	4.551
5.331	4.583
5.299	4.583
5.331	4.551
5.299	4.551
5.299	4.551
5.331	4.551
5.331	4.551
5.362	4.551
5.394	4.583
5.425	4.583
5.425	4.551
5.394	4.583
5.457	4.551
5.457	4.583
5.457	4.551
5.425	4.551
5.425	4.551
5.425	4.520
5.457	4.520
5.394	4.520
5.394	4.520
5.425	4.489
5.520	4.489
5.520	4.551
5.552	4.583
5.584	4.614
5.615	4.645
5.647	4.676
5.679	4.676
5.679	4.676
5.710	4.676
5.679	4.676
5.679	4.676
5.647	4.676
5.615	4.614
5.615	4.614
5.647	4.614
5.647	4.614
5.679	4.583
5.710	4.614
5.742	4.614
5.837	4.645
5.805	4.645
5.868	4.708
5.900	4.708
5.900	4.739
5.900	4.770
5.837	4.708
5.837	4.708
5.805	4.676
5.773	4.708
5.742	4.676
5.742	4.583
5.805	4.583
5.805	4.583
5.837	4.614
5.932	4.583
5.932	4.614
5.963	4.645
5.932	4.708
5.995	4.739
5.995	4.739
6.027	4.770
6.027	4.833
6.027	4.802
5.995	4.770
5.963	4.770
5.963	4.708
5.900	4.708
5.868	4.676
5.868	4.645
5.868	4.583
5.805	4.645
5.868	4.645
5.837	4.614
5.868	4.645
5.837	4.614
5.868	4.645
5.868	4.645
5.868	4.645
5.837	4.676
5.805	4.645
5.805	4.645
5.805	4.614
5.742	4.583
5.710	4.583
5.679	4.551
5.647	4.520
5.615	4.489
5.615	4.489
5.584	4.489
5.552	4.489
5.584	4.457
5.520	4.426
5.552	4.489
5.520	4.457
5.489	4.426
5.457	4.426
5.425	4.426
5.425	4.426
5.394	4.395
5.394	4.457
5.362	4.457
5.331	4.457
5.394	4.457
5.394	4.426
5.362	4.457
5.394	4.395
5.394	4.395
5.362	4.457
5.394	4.457
5.394	4.457
5.331	4.457
5.331	4.426
5.267	4.426
5.236	4.426
5.204	4.395
5.204	4.363
5.236	4.395
5.204	4.395
5.236	4.395
5.204	4.457
5.204	4.426
5.172	4.457
5.204	4.457
5.172	4.457
5.204	4.489
5.141	4.489
5.172	4.457
5.141	4.457
5.109	4.426
5.109	4.363
5.109	4.332
5.077	4.332
5.109	4.363
5.109	4.363
5.077	4.363
5.109	4.395
5.109	4.426
5.141	4.457
5.109	4.457
5.141	4.520
5.109	4.520
5.046	4.489
5.046	4.489
5.046	4.426
5.046	4.457
5.014	4.457
5.014	4.426
5.046	4.489
5.077	4.489
5.077	4.551
5.046	4.551
5.077	4.583
5.109	4.583
5.109	4.583
5.141	4.583
5.141	4.614
5.109	4.614
5.109	4.583
5.109	4.583
5.077	4.551
5.077	4.551
5.077	4.551
5.141	4.520
5.141	4.551
5.141	4.551
5.204	4.551
5.204	4.583
5.204	4.583
5.204	4.614
5.236	4.614
5.172	4.645
5.172	4.583
5.172	4.583
5.141	4.583
5.109	4.551
5.109	4.489
5.109	4.489
5.141	4.489
5.077	4.489
5.109	4.489
5.109	4.520
5.109	4.520
5.172	4.520
5.141	4.551
5.172	4.551
5.172	4.583
5.172	4.583
5.141	4.583
5.109	4.551
5.077	4.520
5.077	4.489
5.077	4.551
5.109	4.489
5.077	4.457
5.077	4.489
5.109	4.489
5.109	4.457
5.109	4.489
5.077	4.489
5.109	4.489
5.141	4.489
5.077	4.489
5.077	4.426
5.046	4.457
5.014	4.457
4.983	4.426
4.951	4.426
4.888	4.363
4.919	4.363
4.951	4.363
4.983	4.395
4.983	4.363
4.983	4.395
4.983	4.426
5.014	4.457
5.014	4.489
5.046	4.520
5.046	4.520
4.983	4.551
5.077	4.489
5.046	4.489
5.014	4.520
5.046	4.520
5.014	4.520
5.014	4.520
5.046	4.520
5.014	4.551
5.046	4.520
5.046	4.551
5.046	4.489
5.046	4.551
5.046	4.489
4.951	4.489
4.951	4.426
4.951	4.426
4.919	4.426
4.919	4.363
4.919	4.363
4.888	4.395
4.888	4.395
4.888	4.395
4.888	4.395
4.888	4.363
4.919	4.395
4.919	4.426
4.919	4.426
4.888	4.395
4.919	4.457
4.888	4.395
4.919	4.395
4.856	4.395
4.856	4.426
4.888	4.363
4.888	4.363
4.888	4.363
4.888	4.395
4.888	4.363
4.888	4.395
4.888	4.426
4.919	4.426
4.888	4.426
4.919	4.395
4.856	4.457
4.919	4.457
4.856	4.395
4.888	4.395
4.856	4.426
4.856	4.426
4.856	4.395
4.888	4.426
4.888	4.457
4.888	4.457
4.888	4.426
4.856	4.457
4.856	4.489
4.856	4.489
4.888	4.457
4.824	4.489
4.856	4.489
4.824	4.489
4.824	4.489
4.824	4.489
4.793	4.489
4.793	4.489
4.793	4.520
4.824	4.489
4.856	4.583
4.856	4.583
4.824	4.551
4.856	4.583
4.856	4.551
4.824	4.614
4.888	4.645
4.888	4.645
4.919	4.583
4.888	4.583
4.919	4.583
4.951	4.583
4.951	4.676
4.951	4.708
4.983	4.739
5.014	4.770
5.046	4.833
5.046	4.833
5.046	4.864
5.014	4.896
5.077	4.864
5.046	4.864
5.046	4.833
5.014	4.864
5.014	4.864
5.014	4.802
5.077	4.833
5.046	4.833
5.141	4.896
5.172	4.927
5.204	4.927
5.236	4.958
5.236	4.990
5.267	5.052
5.299	5.084
5.362	5.115
5.331	5.115
5.331	5.115
5.362	5.146
5.331	5.146
5.331	5.146
5.299	5.115
5.394	5.084
5.394	5.115
5.425	5.146
5.457	5.177
5.489	5.240
5.552	5.271
5.615	5.334
5.647	5.334
5.710	5.397
5.710	5.428
5.742	5.459
5.742	5.459
5.773	5.459
5.773	5.459
5.837	5.459
5.868	5.459
5.900	5.428
5.900	5.459
5.900	5.428
5.932	5.397
5.900	5.428
5.932	5.428
5.900	5.428
5.868	5.428
5.868	5.397
5.868	5.365
5.837	5.271
5.805	5.271
5.742	5.271
5.710	5.271
5.679	5.240
5.647	5.240
5.615	5.240
5.615	5.209
5.615	5.240
5.552	5.209
5.584	5.209
5.584	5.146
5.552	5.146
5.552	5.115
5.520	5.146
5.552	5.084
5.584	5.052
5.584	5.084
5.584	5.084
5.615	5.115
5.584	5.084
5.584	5.084
5.584	5.084
5.552	5.084
5.489	5.052
5.520	5.052
5.489	5.021
5.489	5.052
5.457	4.990
5.425	4.990
5.394	4.990
5.394	4.958
5.362	4.958
5.362	4.958
5.362	4.958
5.331	4.927
5.299	4.927
5.267	4.927
5.267	4.927
5.236	4.927
5.236	4.927
5.172	4.896
5.141	4.927
5.236	4.958
5.172	4.958
5.236	5.021
5.172	4.990
5.172	5.021
5.172	5.052
5.172	5.052
5.141	5.052
5.141	5.021
5.109	5.052
5.077	4.990
5.046	4.990
5.046	4.958
5.014	4.896
5.014	4.896
5.014	4.896
5.014	4.927
5.014	4.896
5.014	4.896
5.014	4.990
5.046	4.990
5.046	5.084
5.014	5.084
5.077	5.115
5.077	5.146
5.077	5.146
5.109	5.177
5.109	5.146
5.077	5.146
5.046	5.115
5.077	5.084
5.046	5.084
5.046	5.052
5.014	4.990
5.046	4.990
5.046	4.990
5.046	4.990
5.046	4.990
5.109	5.021
5.077	5.084
5.046	5.052
5.046	5.084
5.014	5.052
5.046	5.115
5.046	5.084
5.046	5.021
5.014	5.021
5.046	4.990
5.014	5.021
5.077	4.958
5.046	4.958
5.046	4.990
5.046	4.927
5.046	4.958
5.046	4.990
5.109	5.021
5.077	5.021
5.077	5.021
5.046	5.021
5.046	5.021
5.046	4.990
5.014	4.990
5.077	4.990
5.077	4.990
5.077	4.958
5.077	4.990
5.109	4.990
5.109	5.021
5.141	5.021
5.204	5.021
5.236	4.990
5.267	4.990
5.204	4.990
5.236	4.958
5.236	4.990
5.267	4.927
5.267	4.958
5.299	4.927
5.299	4.958
5.299	4.958
5.299	5.021
5.299	5.021
5.299	5.021
5.299	5.052
5.299	5.084
5.267	5.115
5.299	5.084
5.267	5.177
5.236	5.146
5.204	5.115
5.172	5.146
5.172	5.146
5.204	5.177
5.204	5.146
5.236	5.177
5.204	5.209
5.172	5.146
5.204	5.177
5.204	5.146
5.172	5.209
5.204	5.209
5.236	5.209
5.236	5.271
5.204	5.334
5.236	5.365
5.236	5.365
5.236	5.365
5.204	5.365
5.204	5.365
5.172	5.334
5.204	5.334
5.172	5.365
5.172	5.334
5.109	5.334
5.141	5.334
5.109	5.303
5.109	5.303
5.172	5.303
5.172	5.240
5.141	5.209
5.204	5.240
5.172	5.271
5.172	5.240
5.172	5.209
5.204	5.146
5.172	5.177
5.204	5.177
5.172	5.209
5.204	5.209
5.172	5.209
5.172	5.240
5.204	5.271
5.172	5.240
5.236	5.271
5.236	5.303
5.299	5.303
5.267	5.303
5.267	5.303
5.236	5.271
5.236	5.271
5.204	5.240
5.141	5.271
5.172	5.240
5.109	5.240
5.204	5.240
5.236	5.271
5.236	5.271
5.236	5.271
5.267	5.303
5.267	5.365
5.299	5.365
5.299	5.397
5.299	5.365
5.267	5.334
5.267	5.334
5.204	5.303
5.172	5.271
5.141	5.209
5.141	5.209
5.109	5.177
5.141	5.146
5.172	5.177
5.172	5.177
5.141	5.209
5.172	5.177
5.109	5.209
5.109	5.209
5.109	5.209
5.077	5.209
5.077	5.177
5.014	5.146
4.983	5.115
4.919	5.084
4.951	5.084
4.983	5.052
5.046	5.146
5.014	5.177
5.046	5.209
5.046	5.209
4.983	5.209
5.014	5.209
5.014	5.271
5.014	5.271
4.951	5.303
4.919	5.271
4.888	5.240
4.856	5.146
4.793	5.115
4.793	5.052
4.793	5.021
4.824	5.021
4.824	5.021
4.824	5.084
4.824	5.084
4.856	5.084
4.824	5.146
4.856	5.115
4.856	5.209
4.856	5.209
4.856	5.240
4.856	5.240
4.824	5.240
4.824	5.240
4.856	5.146
4.856	5.084
4.888	5.084
4.856	5.052
4.888	5.084
4.888	5.052
4.888	5.084
4.919	5.115
4.888	5.052
4.888	5.052
4.888	5.052
4.888	5.052
4.856	5.052
4.856	5.084
4.888	5.052
4.824	5.052
4.856	5.021
4.824	5.021
4.824	4.958
4.824	4.958
4.824	4.864
4.761	4.833
4.793	4.708
4.793	4.645
4.729	4.551
4.698	4.520
4.666	4.395
4.603	4.301
4.635	4.269
4.603	4.207
4.603	4.144
4.571	4.082
4.571	4.082
4.603	4.082
4.666	4.082
4.635	4.113
4.698	4.082
4.729	4.082
4.761	4.082
4.761	4.113
4.793	4.113
4.793	4.113
4.793	4.175
4.824	4.207
4.793	4.144
4.761	4.144
4.761	4.082
4.761	4.082
4.793	4.113
4.856	4.144
4.824	4.113
4.824	4.207
4.856	4.207
4.919	4.238
4.951	4.332
5.014	4.395
5.014	4.426
5.014	4.457
5.046	4.426
5.046	4.395
5.046	4.426
5.109	4.426
5.141	4.426
5.109	4.395
5.141	4.363
5.172	4.426
5.172	4.426
5.204	4.489
5.236	4.551
5.267	4.614
5.299	4.645
5.362	4.676
5.394	4.708
5.425	4.739
5.457	4.708
5.489	4.739
5.520	4.770
5.552	4.770
5.584	4.802
5.615	4.833
5.615	4.802
5.615	4.864
5.679	4.896
5.710	4.958
5.742	4.990
5.773	4.990
5.805	4.990
5.805	5.052
5.805	5.084
5.805	5.115
5.773	5.084
5.773	5.084
5.742	5.052
5.773	5.021
5.742	5.052
5.805	5.052
5.805	5.052
5.837	5.115
5.837	5.115
5.868	5.115
5.868	5.177
5.900	5.177
5.932	5.240
5.995	5.271
5.995	5.334
6.027	5.303
6.027	5.303
5.963	5.303
5.995	5.240
5.963	5.209
5.963	5.271
5.963	5.240
5.995	5.240
6.058	5.240
6.058	5.271
6.058	5.303
6.058	5.334
6.058	5.365
6.058	5.365
6.027	5.397
6.058	5.397
6.027	5.365
5.995	5.271
5.963	5.303
5.995	5.303
5.995	5.303
6.027	5.334
5.995	5.334
5.995	5.365
6.027	5.334
6.090	5.397
6.090	5.459
6.090	5.459
6.058	5.428
6.121	5.428
6.058	5.397
6.090	5.428
6.090	5.365
6.027	5.365
5.995	5.397
6.027	5.397
6.027	5.365
6.027	5.428
6.058	5.428
6.027	5.428
5.995	5.428
6.027	5.397
6.027	5.428
5.995	5.397
6.058	5.397
6.027	5.397
6.058	5.397
6.058	5.397
5.995	5.303
5.995	5.303
5.995	5.334
5.995	5.334
5.995	5.365
5.963	5.334
5.932	5.365
5.932	5.365
5.932	5.365
5.932	5.365
5.932	5.365
5.900	5.334
5.837	5.334
5.868	5.303
5.868	5.303
5.805	5.303
5.837	5.303
5.742	5.240
5.773	5.271
5.773	5.303
5.837	5.365
5.868	5.365
5.837	5.397
5.868	5.428
5.900	5.397
5.837	5.365
5.837	5.365
5.868	5.334
5.837	5.271
5.805	5.240
5.710	5.209
5.710	5.177
5.679	5.146
5.647	5.146
5.679	5.146
5.647	5.177
5.615	5.177
5.615	5.209
5.615	5.209
5.615	5.209
5.615	5.209
5.552	5.209
5.584	5.177
5.552	5.146
5.552	5.146
5.552	5.146
5.584	5.146
5.552	5.146
5.584	5.146
5.584	5.146
5.615	5.115
5.615	5.146
5.615	5.115
5.615	5.146
5.710	5.209
5.679	5.240
5.679	5.240
5.679	5.209
5.679	5.209
5.679	5.240
5.679	5.209
5.647	5.177
5.647	5.209
5.615	5.209
5.584	5.177
5.584	5.177
5.552	5.240
5.584	5.271
5.615	5.334
5.552	5.334
5.552	5.365
5.584	5.365
5.584	5.365
5.552	5.397
5.552	5.397
5.584	5.397
5.615	5.397
5.615	5.397
5.584	5.365
5.584	5.303
5.584	5.271
5.552	5.303
5.520	5.303
5.520	5.240
5.552	5.271
5.520	5.271
5.552	5.271
5.520	5.240
5.489	5.271
5.520	5.240
5.552	5.271
5.520	5.240
5.520	5.240
5.520	5.209
5.520	5.240
5.489	5.209
5.489	5.209
5.489	5.177
5.489	5.146
5.457	5.146
5.457	5.084
5.457	5.084
5.457	5.052
5.457	5.021
5.425	4.958
5.425	4.896
5.457	4.927
5.457	4.864
5.425	4.802
5.425	4.833
5.425	4.770
5.394	4.708
5.394	4.708
5.362	4.708
5.425	4.708
5.394	4.676
5.394	4.645
5.394	4.676
5.457	4.676
5.457	4.708
5.425	4.676
5.457	4.739
5.425	4.676
5.425	4.708
5.394	4.708
5.362	4.739
5.394	4.770
5.394	4.739
5.331	4.739
5.362	4.708
5.362	4.708
5.362	4.739
5.362	4.676
5.362	4.739
5.394	4.739
5.394	4.739
5.394	4.739
5.362	4.676
5.394	4.739
5.362	4.708
5.331	4.676
5.362	4.676
5.425	4.676
5.425	4.739
5.425	4.645
5.457	4.676
5.489	4.645
5.489	4.645
5.489	4.614
5.457	4.614
5.489	4.520
5.489	4.520
5.457	4.551
5.457	4.520
5.394	4.457
5.394	4.489
5.394	4.489
5.425	4.426
5.457	4.457
5.425	4.457
5.457	4.457
5.457	4.395
5.457	4.395
5.425	4.395
5.457	4.395
5.489	4.426
5.489	4.426
5.457	4.457
5.457	4.457
5.457	4.489
5.457	4.457
5.457	4.426
5.457	4.395
5.457	4.457
5.457	4.426
5.489	4.395
5.489	4.395
5.457	4.426
5.489	4.457
5.520	4.457
5.489	4.489
5.489	4.457
5.457	4.457
5.489	4.426
5.457	4.426
5.489	4.363
5.457	4.426
5.520	4.395
5.489	4.395
5.520	4.395
5.520	4.363
5.552	4.363
5.552	4.363
5.552	4.363
5.520	4.363
5.489	4.332
5.457	4.363
5.457	4.332
5.394	4.332
5.425	4.332
5.425	4.363
5.394	4.363
5.425	4.395
5.457	4.426
5.457	4.395
5.425	4.426
5.489	4.395
5.489	4.426
5.457	4.426
5.425	4.426
5.489	4.395
5.394	4.426
5.425	4.395
5.394	4.363
5.362	4.269
5.362	4.332
5.362	4.301
5.331	4.332
5.236	4.332
5.299	4.301
5.299	4.332
5.299	4.301
5.267	4.269
5.236	4.301
5.204	4.238
5.236	4.207
5.172	4.207
5.204	4.207
5.204	4.238
5.236	4.238
5.204	4.238
5.204	4.238
5.204	4.175
5.172	4.144
5.109	4.144
5.141	4.144
5.109	4.113
5.109	4.113
5.046	4.082
5.046	4.082
5.014	4.082
5.014	4.082
5.046	4.050
5.046	4.050
5.109	4.019
5.077	4.050
5.109	4.019
5.141	4.019
5.141	4.019
5.109	4.050
5.141	4.019
5.172	4.019
5.172	4.050
5.141	4.050
5.141	4.019
5.141	4.019
